==================== test3_4 ====================
nodesize is 40
List: 56 
Node   1 ( 1): 56 

==========================
List: 56 59 
Node   1 ( 2): 56 59 

==========================
List: 56 59 87 
Node   1 ( 3): 56 59 87 

==========================
List: 56 59 79 87 
Node   1 ( 4): 56 59 79 87 

==========================
List: 56 59 79 87 97 
Node   1 ( 2): 56 59 
Node   2 ( 3): 79 87 97 

==========================
List: 56 59 79 87 96 97 
Node   1 ( 2): 56 59 
Node   2 ( 4): 79 87 96 97 

==========================
List: 29 56 59 79 87 96 97 
Node   1 ( 3): 29 56 59 
Node   2 ( 4): 79 87 96 97 

==========================
List: 29 41 56 59 79 87 96 97 
Node   1 ( 4): 29 41 56 59 
Node   2 ( 4): 79 87 96 97 

==========================
List: 29 35 41 56 59 79 87 96 97 
Node   1 ( 3): 29 35 41 
Node   2 ( 2): 56 59 
Node   3 ( 4): 79 87 96 97 

==========================
List: 29 35 41 52 56 59 79 87 96 97 
Node   1 ( 4): 29 35 41 52 
Node   2 ( 2): 56 59 
Node   3 ( 4): 79 87 96 97 

==========================
List: 29 35 41 50 52 56 59 79 87 96 97 
Node   1 ( 2): 29 35 
Node   2 ( 3): 41 50 52 
Node   3 ( 2): 56 59 
Node   4 ( 4): 79 87 96 97 

==========================
List: 29 35 41 50 52 56 59 75 79 87 96 97 
Node   1 ( 2): 29 35 
Node   2 ( 3): 41 50 52 
Node   3 ( 3): 56 59 75 
Node   4 ( 4): 79 87 96 97 

==========================
List: 29 35 41 50 52 56 59 75 79 87 89 96 97 
Node   1 ( 2): 29 35 
Node   2 ( 3): 41 50 52 
Node   3 ( 3): 56 59 75 
Node   4 ( 3): 79 87 89 
Node   5 ( 2): 96 97 

==========================
List: 16 29 35 41 50 52 56 59 75 79 87 89 96 97 
Node   1 ( 3): 16 29 35 
Node   2 ( 3): 41 50 52 
Node   3 ( 3): 56 59 75 
Node   4 ( 3): 79 87 89 
Node   5 ( 2): 96 97 

==========================
List: 16 29 35 41 43 50 52 56 59 75 79 87 89 96 97 
Node   1 ( 3): 16 29 35 
Node   2 ( 4): 41 43 50 52 
Node   3 ( 3): 56 59 75 
Node   4 ( 3): 79 87 89 
Node   5 ( 2): 96 97 

==========================
List: 16 28 29 35 41 43 50 52 56 59 75 79 87 89 96 97 
Node   1 ( 4): 16 28 29 35 
Node   2 ( 4): 41 43 50 52 
Node   3 ( 3): 56 59 75 
Node   4 ( 3): 79 87 89 
Node   5 ( 2): 96 97 

==========================
Node   1 ( 4): 16 28 29 35 
Node   2 ( 4): 41 43 50 52 
Node   3 ( 3): 56 59 75 
Node   4 ( 3): 79 87 89 
Node   5 ( 2): 96 97 

List: 16 28 29 35 41 43 50 52 56 59 75 79 87 89 96 97 
Asize: 4
Items: 16
Nodes: 5
Average items per node: 3.2
Node utilization: 80%


