==================== test3_8 ====================
nodesize is 56
List: 56 
Node   1 ( 1): 56 

==========================
List: 56 59 
Node   1 ( 2): 56 59 

==========================
List: 56 59 87 
Node   1 ( 3): 56 59 87 

==========================
List: 56 59 79 87 
Node   1 ( 4): 56 59 79 87 

==========================
List: 56 59 79 87 97 
Node   1 ( 5): 56 59 79 87 97 

==========================
List: 56 59 79 87 96 97 
Node   1 ( 6): 56 59 79 87 96 97 

==========================
List: 29 56 59 79 87 96 97 
Node   1 ( 7): 29 56 59 79 87 96 97 

==========================
List: 29 41 56 59 79 87 96 97 
Node   1 ( 8): 29 41 56 59 79 87 96 97 

==========================
List: 29 35 41 56 59 79 87 96 97 
Node   1 ( 5): 29 35 41 56 59 
Node   2 ( 4): 79 87 96 97 

==========================
List: 29 35 41 52 56 59 79 87 96 97 
Node   1 ( 6): 29 35 41 52 56 59 
Node   2 ( 4): 79 87 96 97 

==========================
List: 29 35 41 50 52 56 59 79 87 96 97 
Node   1 ( 7): 29 35 41 50 52 56 59 
Node   2 ( 4): 79 87 96 97 

==========================
List: 29 35 41 50 52 56 59 75 79 87 96 97 
Node   1 ( 8): 29 35 41 50 52 56 59 75 
Node   2 ( 4): 79 87 96 97 

==========================
List: 29 35 41 50 52 56 59 75 79 87 89 96 97 
Node   1 ( 8): 29 35 41 50 52 56 59 75 
Node   2 ( 5): 79 87 89 96 97 

==========================
List: 16 29 35 41 50 52 56 59 75 79 87 89 96 97 
Node   1 ( 5): 16 29 35 41 50 
Node   2 ( 4): 52 56 59 75 
Node   3 ( 5): 79 87 89 96 97 

==========================
List: 16 29 35 41 43 50 52 56 59 75 79 87 89 96 97 
Node   1 ( 6): 16 29 35 41 43 50 
Node   2 ( 4): 52 56 59 75 
Node   3 ( 5): 79 87 89 96 97 

==========================
List: 16 28 29 35 41 43 50 52 56 59 75 79 87 89 96 97 
Node   1 ( 7): 16 28 29 35 41 43 50 
Node   2 ( 4): 52 56 59 75 
Node   3 ( 5): 79 87 89 96 97 

==========================
Node   1 ( 7): 16 28 29 35 41 43 50 
Node   2 ( 4): 52 56 59 75 
Node   3 ( 5): 79 87 89 96 97 

List: 16 28 29 35 41 43 50 52 56 59 75 79 87 89 96 97 
Asize: 8
Items: 16
Nodes: 3
Average items per node: 5.33
Node utilization: 66.7%


